2947.44 3
120.081489562988 1928.9091796875
126.055519104004 1750.39794921875
126.128265380859 12875.6015625
127.050910949707 813.122924804688
127.125366210938 16416.935546875
127.131629943848 16565.3828125
128.128707885742 19275.990234375
128.134979248047 17539.087890625
129.132019042969 21439.515625
129.138275146484 20057.67578125
130.135391235352 21435.2890625
130.141662597656 18245.9765625
131.138748168945 13844.70703125
136.076110839844 4210.13134765625
138.055541992188 1316.02319335938
145.061325073242 982.525024414062
161.535247802734 877.012634277344
167.082168579102 2008.54528808594
167.118438720703 999.042297363281
171.113327026367 1874.68005371094
173.149963378906 1524.01977539062
175.11962890625 8774.244140625
175.157287597656 1002.95825195312
176.160247802734 1670.17419433594
179.093322753906 3895.599609375
183.14973449707 1261.255859375
183.206466674805 971.356384277344
185.092742919922 1200.07531738281
188.160430908203 1324.03430175781
195.077087402344 886.687316894531
195.113433837891 1243.90393066406
197.128921508789 816.598815917969
199.108001708984 1046.43420410156
199.237930297852 990.448364257812
213.087646484375 2013.0712890625
217.571105957031 827.250366210938
221.948699951172 768.083251953125
226.119171142578 1100.01733398438
227.103225708008 4999.333984375
230.171005249023 32899.20703125
231.174209594727 1447.26062011719
232.203475952148 858.834289550781
248.181365966797 4698.298828125
260.209075927734 879.10400390625
264.110076904297 942.162780761719
272.023773193359 885.269165039062
273.212982177734 3572.66259765625
284.124420166016 1811.76892089844
293.136047363281 1300.70007324219
294.668975830078 1650.35607910156
298.176788330078 973.106323242188
301.207733154297 4605.13525390625
303.494689941406 4293.5166015625
303.505889892578 7105.65576171875
313.244354248047 4372.83984375
320.317596435547 849.162902832031
344.250335693359 1134.34899902344
353.146545410156 1077.34582519531
359.213806152344 1317.96459960938
361.797698974609 921.080932617188
368.22998046875 3525.46630859375
369.233978271484 1174.39770507812
372.245391845703 4597.56787109375
376.276702880859 23585.251953125
377.279479980469 3793.20922851562
383.240173339844 5522.53125
385.256713867188 1493.02600097656
402.256011962891 1793.14587402344
408.725250244141 3767.96948242188
424.04345703125 942.9619140625
431.766784667969 9405.390625
432.267974853516 3680.13647460938
473.292663574219 1828.24951171875
474.296600341797 1011.02526855469
475.3447265625 1500.51538085938
483.221069335938 1739.82678222656
487.272613525391 1179.06420898438
489.360046386719 1838.83044433594
490.318939208984 965.268859863281
493.775787353516 1077.79113769531
505.319000244141 1246.45227050781
524.201782226562 964.246154785156
529.309509277344 1123.439453125
550.304260253906 951.536071777344
553.352416992188 1034.39306640625
556.781311035156 2103.86328125
561.313720703125 1259.59423828125
561.814514160156 967.06884765625
568.276184082031 983.256469726562
568.773315429688 1114.16259765625
571.3056640625 1164.32409667969
575.308166503906 975.035095214844
576.779663085938 4162.5673828125
577.281127929688 7583.52978515625
577.782897949219 1063.26477050781
578.30322265625 4800.5439453125
578.802001953125 1644.59228515625
588.331420898438 4570.8818359375
590.776489257812 2026.96984863281
602.336975097656 5774.6220703125
603.337768554688 1069.45788574219
619.287719726562 4351.201171875
619.790771484375 5890.279296875
627.800415039062 2020.46704101562
628.302001953125 3590.6396484375
639.831726074219 4550.82373046875
644.383056640625 877.549438476562
653.388244628906 3231.50146484375
653.888000488281 1226.64282226562
664.826171875 1766.22631835938
665.327270507812 1772.07507324219
668.419982910156 9643.40625
669.320251464844 1627.28112792969
669.423767089844 1186.88342285156
674.313781738281 1019.70196533203
682.864685058594 1098.64331054688
683.317810058594 3979.51049804688
683.367614746094 3713.07763671875
683.8193359375 6081.498046875
684.318603515625 3416.86767578125
703.383178710938 974.612976074219
718.443969726562 1326.47338867188
731.379028320312 5157.96728515625
732.380432128906 1805.73205566406
764.476684570312 1054.62084960938
765.472229003906 12785.431640625
766.474182128906 1544.52209472656
776.852294921875 1814.68347167969
781.388427734375 1297.47033691406
782.462463378906 2111.2041015625
785.914001464844 1000.10083007812
804.862365722656 982.291259765625
805.363098144531 1237.44348144531
810.916931152344 1061.22033691406
815.436645507812 1030.60119628906
816.444152832031 10017.0693359375
820.91064453125 907.220275878906
824.908142089844 1140.57446289062
826.479431152344 6387.701171875
827.482055664062 5701.31201171875
828.484191894531 1290.24645996094
833.4287109375 956.176208496094
844.848571777344 973.664184570312
860.421325683594 5203.28076171875
861.424133300781 3451.72534179688
861.523864746094 1133.1328125
862.4248046875 1454.18212890625
862.525634765625 27785.486328125
863.529357910156 7209.72900390625
871.546325683594 969.019897460938
894.935180664062 4567.09521484375
897.51513671875 3720.23803710938
898.521362304688 4469.0166015625
943.811401367188 1375.24938964844
949.820007324219 1807.49145507812
956.459228515625 1139.904296875
974.467590332031 4517.28271484375
975.468383789062 5061.89794921875
975.976135253906 1377.50732421875
976.473815917969 1112.75207519531
984.289367675781 942.861999511719
986.552124023438 1125.42248535156
991.492126464844 1893.84545898438
992.498229980469 1056.95922851562
1011.56005859375 3974.10180664062
1012.56268310547 5066.82373046875
1013.56488037109 1636.90454101562
1043.48864746094 4000.5439453125
1044.48852539062 1945.50109863281
1045.49279785156 1076.67053222656
1121.619140625 1268.34497070312
1124.64318847656 1294.01635742188
1125.65148925781 3770.314453125
1149.6220703125 1806.28942871094
1250.65771484375 4676.10546875
1260.63952636719 1228.42114257812
1278.65454101562 8306.380859375
1279.65869140625 1942.359375
1294.74926757812 7327.72021484375
1295.7548828125 9430.009765625
1296.75244140625 5053.560546875
1312.61059570312 904.22509765625
1409.78295898438 1815.1357421875
1410.78186035156 3540.46069335938
1411.78308105469 3506.83178710938
1476.74487304688 1069.74780273438
1481.81591796875 4337.60791015625
1731.07434082031 1008.75378417969
1941.45422363281 919.617065429688
2427.1494140625 1678.1708984375
2497.06860351562 1270.29309082031
2530.02026367188 1610.38745117188
2580.55151367188 935.524108886719
2701.3798828125 970.691955566406
