2945.43 3
120.081352233887 4281.076171875
126.055511474609 1205.31237792969
126.12833404541 15863.224609375
126.432151794434 850.074462890625
127.125335693359 20185.400390625
127.131675720215 20818.927734375
128.128799438477 15644.0732421875
128.135009765625 20577.068359375
129.132080078125 22762.173828125
129.138305664062 18126.841796875
130.135406494141 22686.84375
130.141693115234 24863.806640625
131.138687133789 18147.548828125
132.450881958008 834.029418945312
138.055526733398 1740.67956542969
140.082275390625 1137.03051757812
143.880233764648 829.33837890625
155.081909179688 1338.87341308594
155.330001831055 859.976257324219
155.941207885742 893.967529296875
158.092864990234 1449.30395507812
158.136596679688 870.571838378906
161.309051513672 819.930419921875
162.066818237305 1424.61206054688
167.082077026367 1852.4892578125
169.097808837891 924.873657226562
173.150039672852 1933.13891601562
175.119659423828 12192.751953125
176.160171508789 1437.27905273438
179.09326171875 5090.630859375
183.149780273438 1344.12158203125
183.738098144531 985.103515625
185.092895507812 1554.50134277344
187.072082519531 992.90283203125
188.160217285156 1537.53674316406
190.061752319336 1471.78430175781
195.087997436523 810.651489257812
199.108291625977 2078.69458007812
207.088348388672 1984.24755859375
211.14485168457 1777.33081054688
213.087524414062 2121.18579101562
226.119247436523 1195.24365234375
227.102798461914 1589.25476074219
230.170974731445 36886.51171875
231.098251342773 1149.75537109375
231.174224853516 3508.60620117188
241.082275390625 1090.68615722656
247.129699707031 897.305541992188
247.197570800781 1059.67077636719
248.181350708008 7344.68212890625
248.335647583008 1104.22082519531
258.109069824219 1142.58923339844
261.396697998047 938.464538574219
264.109558105469 901.341186523438
272.428833007812 942.799987792969
273.212951660156 4460.0302734375
301.208312988281 6313.15283203125
303.494689941406 3813.78564453125
303.505676269531 9426.7353515625
306.076202392578 922.68798828125
324.676361083984 850.295837402344
330.271240234375 1104.90185546875
343.256408691406 2967.60571289062
344.251831054688 802.453186035156
345.7900390625 859.958312988281
358.229858398438 1849.98303222656
359.213592529297 1131.24072265625
368.230529785156 6619.55615234375
372.245391845703 5297.36474609375
376.263336181641 1033.97998046875
376.276733398438 24029.623046875
377.280364990234 2017.13000488281
385.257049560547 3769.85571289062
386.617340087891 821.767395019531
445.299041748047 1423.61547851562
458.738128662109 1084.46447753906
460.204895019531 1044.42639160156
472.287414550781 1303.98083496094
473.294647216797 6715.2734375
473.329711914062 4676.61328125
475.346160888672 951.972290039062
487.272918701172 3136.09057617188
500.727264404297 879.186767578125
517.261108398438 870.475524902344
520.179931640625 924.54833984375
523.346984863281 1902.04467773438
529.31103515625 5508.90234375
556.783508300781 3073.21875
557.284729003906 803.25390625
564.755676269531 845.638122558594
567.774108886719 1642.99267578125
568.266235351562 5436.8525390625
571.295166015625 1252.65686035156
574.341796875 1780.32922363281
576.779968261719 13473.248046875
577.279357910156 4917.71044921875
577.783508300781 1333.28698730469
578.303894042969 13005.279296875
578.805419921875 7552.271484375
579.30419921875 2074.376953125
590.777465820312 3866.01025390625
591.295288085938 1797.66162109375
602.33642578125 7698.7314453125
603.341064453125 1222.00048828125
610.378845214844 1848.33850097656
616.352172851562 1007.88128662109
619.288452148438 7219.11962890625
619.787353515625 1744.83276367188
639.371215820312 1018.00927734375
642.3955078125 3420.87817382812
664.827087402344 4481.68115234375
665.328125 1336.94921875
669.811279296875 6587.08154296875
670.312683105469 3487.73657226562
675.40283203125 1153.29956054688
678.8525390625 1097.05444335938
683.809387207031 17638.34375
684.310729980469 6449.359375
688.653198242188 1008.15051269531
703.386596679688 1761.89099121094
711.428649902344 1354.20239257812
719.327941894531 7611.0126953125
719.828857421875 4133.64404296875
727.843383789062 1765.080078125
729.427307128906 1378.19946289062
731.379638671875 10020.6103515625
732.383178710938 1225.19213867188
732.7978515625 3076.39233398438
767.342041015625 1214.85974121094
776.348815917969 8523.4775390625
776.850036621094 6624.62841796875
777.225036621094 1738.59545898438
787.410827636719 876.407836914062
791.365356445312 1043.27734375
795.855651855469 4673.02392578125
796.348815917969 1195.73779296875
804.364807128906 1319.6162109375
804.860473632812 15416.8984375
805.360473632812 9239.625
805.862426757812 3127.92553710938
809.455383300781 1424.83557128906
813.867065429688 1048.03527832031
826.480285644531 23112.580078125
827.484252929688 8531.5322265625
828.486328125 1006.24438476562
832.426452636719 1953.4072265625
838.89453125 4373.1171875
839.897216796875 1039.41369628906
847.404113769531 4013.39819335938
847.904541015625 5918.5009765625
848.404052734375 999.275695800781
853.8466796875 1430.19714355469
860.423767089844 11471.580078125
860.507202148438 1062.5546875
861.404724121094 4057.07299804688
861.902038574219 1708.95678710938
877.44970703125 1614.1103515625
895.12353515625 1079.51342773438
897.517944335938 13414.6396484375
898.52099609375 3572.91723632812
908.942932128906 1070.46545410156
917.94775390625 1296.77001953125
918.447814941406 998.844848632812
923.525451660156 1079.89501953125
943.476440429688 2100.06323242188
943.814270019531 993.256225585938
966.520568847656 1103.85070800781
973.479797363281 1107.13037109375
974.465942382812 12376.0322265625
975.465087890625 5224.9892578125
982.542114257812 1345.44006347656
991.491455078125 6172.1826171875
994.532836914062 1338.99645996094
999.491027832031 1023.30682373047
1011.5634765625 15151.3095703125
1012.56433105469 4200.92529296875
1013.56689453125 1313.50659179688
1043.48840332031 13988.7431640625
1044.49328613281 2049.24560546875
1061.49829101562 1415.24426269531
1124.64575195312 13350.353515625
1125.64685058594 5949.76708984375
1135.61279296875 1313.92565917969
1237.72973632812 4913.32470703125
1238.73315429688 1305.19763183594
1294.74890136719 8246.4169921875
1295.75061035156 3945.72729492188
1408.79724121094 6299.083984375
1409.79333496094 3771.33447265625
1479.82971191406 5670.91943359375
1480.82946777344 1846.859375
1542.76525878906 1163.94995117188
1665.89270019531 3811.7568359375
1809.41101074219 967.297241210938
1911.77648925781 1002.56097412109
2529.7216796875 1953.10864257812
3017.95629882812 1052.63024902344
